100
551669674
422356043
360061364
901352955
858815785
308519689
696024202
1176711096
589958805
464905687
604363876
825195979
1088834390
50578877
805985933
682738574
300672140
90967924
660949840
879085864
192969759
926527358
140870366
839605003
440216775
873855426
375853494
189738043
695786561
488419594
868606882
133947040
921986667
517347023
835021920
123681175
343164502
84890313
30830800
552373671
688003559
697108161
1194185811
1179404767
775750880
1106562017
1177140958
155483884
769940674
1131286639
266892455
660951869
923364731
1076185206
1061779872
1010653036
1196051679
874209896
561650495
45597635
18813028
950315797
810938507
575588108
650853128
219734491
735477762
580786735
226040780
761843581
457096199
208231233
378946892
47821305
492977294
226685737
1058148382
939527881
155000967
756063004
1029224917
306520696
488132406
341653790
292015719
128461953
645661629
330532475
193708184
998160272
405548355
976166686
679911420
800504658
1773224
1010362307
778886215
588996418
841278293
29000124