551669674 551669674
422356043 422356043
360061364 360061364
901352955 FizzBuzz
858815785 Buzz
308519689 308519689
696024202 696024202
1176711096 Fizz
589958805 FizzBuzz
464905687 464905687
604363876 604363876
825195979 825195979
1088834390 Buzz
50578877 50578877
805985933 805985933
682738574 682738574
300672140 Buzz
90967924 90967924
660949840 Buzz
879085864 879085864
192969759 Fizz
926527358 926527358
140870366 140870366
839605003 839605003
440216775 FizzBuzz
873855426 Fizz
375853494 Fizz
189738043 189738043
695786561 695786561
488419594 488419594
868606882 868606882
133947040 Buzz
921986667 Fizz
517347023 517347023
835021920 FizzBuzz
123681175 Buzz
343164502 343164502
84890313 Fizz
30830800 Buzz
552373671 Fizz
688003559 688003559
697108161 Fizz
1194185811 Fizz
1179404767 1179404767
775750880 Buzz
1106562017 1106562017
1177140958 1177140958
155483884 155483884
769940674 769940674
1131286639 1131286639
266892455 Buzz
660951869 660951869
923364731 923364731
1076185206 Fizz
1061779872 Fizz
1010653036 1010653036
1196051679 Fizz
874209896 874209896
561650495 Buzz
45597635 Buzz
18813028 18813028
950315797 950315797
810938507 810938507
575588108 575588108
650853128 650853128
219734491 219734491
735477762 Fizz
580786735 Buzz
226040780 Buzz
761843581 761843581
457096199 457096199
208231233 Fizz
378946892 378946892
47821305 FizzBuzz
492977294 492977294
226685737 226685737
1058148382 1058148382
939527881 939527881
155000967 Fizz
756063004 756063004
1029224917 1029224917
306520696 306520696
488132406 Fizz
341653790 Buzz
292015719 Fizz
128461953 Fizz
645661629 Fizz
330532475 Buzz
193708184 193708184
998160272 998160272
405548355 FizzBuzz
976166686 976166686
679911420 FizzBuzz
800504658 Fizz
1773224 1773224
1010362307 1010362307
778886215 Buzz
588996418 588996418
841278293 841278293
29000124 Fizz
